# Camera list with one line of data per camera:
#   CAMERA_ID, MODEL, WIDTH, HEIGHT, PARAMS[]
# Number of cameras: 78
3 SIMPLE_RADIAL 1440 1080 982.00273739489171 720 540 -0.071787333178517376
4 SIMPLE_RADIAL 1440 1080 979.81964416495975 720 540 -0.055503868654960778
9 SIMPLE_RADIAL 1440 1080 1002.642715337979 720 540 -0.022000719971245076
11 SIMPLE_RADIAL 1440 1080 1003.8743226123752 720 540 -0.12105610273020236
12 SIMPLE_RADIAL 1440 1080 976.93261314008805 720 540 -0.021216545642953753
13 SIMPLE_RADIAL 1440 1080 998.39195815890105 720 540 -0.0080827576353262841
14 SIMPLE_RADIAL 1440 1080 1038.9592303906327 720 540 -0.048742280201578135
15 SIMPLE_RADIAL 1440 1080 1018.5781613673507 720 540 -0.1167294980212332
16 SIMPLE_RADIAL 1440 1080 1017.730633887739 720 540 -0.027593422055475065
17 SIMPLE_RADIAL 1440 1080 993.70347033871269 720 540 -0.030284420792887672
18 SIMPLE_RADIAL 1440 1080 1008.5489089627881 720 540 0.023924868036714692
19 SIMPLE_RADIAL 1440 1080 989.97521895782472 720 540 0.0055368181427659802
20 SIMPLE_RADIAL 1440 1080 996.42914974286714 720 540 -0.010781929511918279
21 SIMPLE_RADIAL 1440 1080 989.96234465219675 720 540 -0.041224833424994126
22 SIMPLE_RADIAL 1440 1080 1014.5761958679248 720 540 0.0020195879333838435
24 SIMPLE_RADIAL 1440 1080 960.46146097643907 720 540 -0.14430515878972569
26 SIMPLE_RADIAL 1440 1080 1026.802667535997 720 540 -0.023465084525542627
28 SIMPLE_RADIAL 1440 1080 1012.8785040658531 720 540 -0.026465560283087258
29 SIMPLE_RADIAL 1440 1080 1021.1601078621493 720 540 0.055918188756250889
30 SIMPLE_RADIAL 1440 1080 1018.6167773212819 720 540 0.010479503225669875
31 SIMPLE_RADIAL 1440 1080 999.7996122867487 720 540 0.045040493830593331
32 SIMPLE_RADIAL 1440 1080 1002.4783191586607 720 540 0.033053977315146768
33 SIMPLE_RADIAL 1440 1080 985.1419177684952 720 540 -0.024313418822257162
35 SIMPLE_RADIAL 1440 1080 1000.8651451505264 720 540 0.020505480486565596
36 SIMPLE_RADIAL 1440 1080 982.23910711186988 720 540 -0.058495122829212085
37 SIMPLE_RADIAL 1440 1080 985.95135603189863 720 540 -0.079313260675430347
38 SIMPLE_RADIAL 1440 1080 997.81796285996666 720 540 -0.0056956590333317484
39 SIMPLE_RADIAL 1440 1080 1014.1489964645596 720 540 -0.057121616469301695
40 SIMPLE_RADIAL 1440 1080 1002.4120294807224 720 540 -0.005310694662081685
41 SIMPLE_RADIAL 1440 1080 1012.4931418858941 720 540 -0.043892509384219361
42 SIMPLE_RADIAL 1440 1080 1029.8617990293246 720 540 -0.035758049052088479
43 SIMPLE_RADIAL 1440 1080 1019.2602849898666 720 540 -0.071914574451983085
44 SIMPLE_RADIAL 1440 1080 1070.5869670440011 720 540 -0.075116013282036181
45 SIMPLE_RADIAL 1440 1080 828.51891424378698 720 540 0.13175771783848794
46 SIMPLE_RADIAL 1440 1080 1033.2393479704608 720 540 -0.035542819845175933
47 SIMPLE_RADIAL 1440 1080 988.48916426706501 720 540 0.039115178114956919
48 SIMPLE_RADIAL 1440 1080 1032.3856209846958 720 540 -0.048822163523020753
50 SIMPLE_RADIAL 1440 1080 965.91088858586238 720 540 -0.1239417778982773
51 SIMPLE_RADIAL 1440 1080 986.69193856156141 720 540 -0.015490464138727851
52 SIMPLE_RADIAL 1440 1080 1028.5871084234479 720 540 -0.038599245605178731
53 SIMPLE_RADIAL 1440 1080 1013.867811239191 720 540 -0.031004773895681265
54 SIMPLE_RADIAL 1440 1080 1046.0196880823137 720 540 -0.14160092822094919
55 SIMPLE_RADIAL 1440 1080 1069.4691708791047 720 540 -0.18600732953713076
56 SIMPLE_RADIAL 1440 1080 857.0340023312084 720 540 0.086367703503285445
57 SIMPLE_RADIAL 1440 1080 1032.4372927414104 720 540 -0.18829950170126786
58 SIMPLE_RADIAL 1440 1080 1061.5468387847366 720 540 -0.098446015441622875
59 SIMPLE_RADIAL 1440 1080 1040.8942569356504 720 540 -0.030527621837704414
60 SIMPLE_RADIAL 1440 1080 994.20296087600241 720 540 -0.0055295646378350884
61 SIMPLE_RADIAL 1440 1080 993.94797256752497 720 540 -0.033010761658059308
62 SIMPLE_RADIAL 1440 1080 1009.5030265515476 720 540 -0.067742694887926197
63 SIMPLE_RADIAL 1440 1080 1041.4631092822281 720 540 -0.18040656662779081
64 SIMPLE_RADIAL 1440 1080 1012.9789180264721 720 540 -0.026767528552922554
65 SIMPLE_RADIAL 1440 1080 983.86862440524976 720 540 -0.044357123909509244
66 SIMPLE_RADIAL 1440 1080 1003.5372462403654 720 540 0.011518309181126757
68 SIMPLE_RADIAL 1440 1080 987.5839085423288 720 540 -0.0066751513185602986
69 SIMPLE_RADIAL 1440 1080 999.39577509544142 720 540 -0.0079068568152397874
70 SIMPLE_RADIAL 1440 1080 1032.5688689392859 720 540 0.0041785487443572328
71 SIMPLE_RADIAL 1440 1080 1004.7164916867619 720 540 -0.050633259048969724
72 SIMPLE_RADIAL 1440 1080 1001.7399049661135 720 540 -0.028266277590766286
73 SIMPLE_RADIAL 1440 1080 999.92475175589561 720 540 -0.05507238336920349
74 SIMPLE_RADIAL 1440 1080 999.63627591386194 720 540 -0.062964695457427514
75 SIMPLE_RADIAL 1440 1080 986.21905481749945 720 540 -0.0049766896915494942
76 SIMPLE_RADIAL 1440 1080 1002.1416880480476 720 540 -0.010111050593976822
77 SIMPLE_RADIAL 1440 1080 991.2103710718178 720 540 -0.027384785765740275
79 SIMPLE_RADIAL 1440 1080 983.40039326814076 720 540 0.0018428056128063669
80 SIMPLE_RADIAL 1440 1080 1010.078873995971 720 540 -0.024828991489611308
81 SIMPLE_RADIAL 1440 1080 1001.2504503258305 720 540 -0.027379691519599413
82 SIMPLE_RADIAL 1440 1080 1025.502104525714 720 540 0.0047024381233721413
83 SIMPLE_RADIAL 1440 1080 1038.6186913549495 720 540 -0.0017560201218768533
84 SIMPLE_RADIAL 1440 1080 1023.6408387040664 720 540 -0.0027291324807393589
85 SIMPLE_RADIAL 1440 1080 1048.712612121903 720 540 0.0055969372282948836
86 SIMPLE_RADIAL 1440 1080 1000.0231567495697 720 540 0.032383541998818419
87 SIMPLE_RADIAL 1440 1080 1002.2441041362255 720 540 0.0057513914540536547
88 SIMPLE_RADIAL 1440 1080 1002.5062600804362 720 540 0.046693586315272338
90 SIMPLE_RADIAL 1440 1080 1018.9287293354593 720 540 0.045331660399865283
91 SIMPLE_RADIAL 1440 1080 1029.8803842582415 720 540 0.072205957514128227
92 SIMPLE_RADIAL 1440 1080 1014.6483018355152 720 540 0.056638688416147179
93 SIMPLE_RADIAL 1440 1080 1053.2122302081673 720 540 -0.11486662699536629
